0 0.34067622950819676 0.26263661202185795 0.11168032786885247 0.14275956284153002
0 0.7120901639344264 0.3657786885245902 0.0635245901639344 0.06898907103825132
0 0.778688524590164 0.4962431693989071 0.061475409836065614 0.073087431693989
0 0.7351434426229508 0.4914617486338798 0.0235655737704918 0.05532786885245902
0 0.7966188524590164 0.6062158469945355 0.0706967213114754 0.08948087431693992
0 0.8488729508196722 0.6277322404371584 0.06454918032786879 0.09289617486338801
0 0.6316598360655739 0.6646174863387978 0.0799180327868852 0.10928961748633886
0 0.5343237704918034 0.5430327868852458 0.09016393442622955 0.12431693989071028
0 0.37858606557377056 0.39071038251366125 0.08094262295081976 0.07513661202185791
0 0.26793032786885246 0.4040300546448088 0.09221311475409838 0.13046448087431692
0 0.22336065573770494 0.3862704918032787 0.0665983606557377 0.08674863387978142
0 0.25589139344262296 0.8528005464480874 0.06198770491803281 0.07991803278688524
0 0.4231557377049181 0.9723360655737705 0.058401639344262304 0.03483606557377049