0 0.724641393442623 0.364412568306011 0.10399590163934419 0.14959016393442623
0 0.831454918032787 0.4655054644808744 0.09631147540983598 0.125
0 0.7904713114754099 0.5846994535519126 0.11270491803278695 0.13114754098360645
0 0.7241290983606558 0.7052595628415299 0.12448770491803272 0.1509562841530054
0 0.4930840163934427 0.7308743169398907 0.11526639344262293 0.16120218579234968
0 0.3122438524590164 0.8811475409836065 0.09170081967213113 0.12431693989071041
0 0.17315573770491807 0.8586065573770492 0.08504098360655737 0.11885245901639341
0 0.10937500000000006 0.8493852459016392 0.06813524590163933 0.10724043715846995
0 0.12474385245901645 0.7079918032786885 0.07120901639344261 0.08811475409836061
0 0.1498463114754099 0.47643442622950816 0.12141393442622946 0.1400273224043715
0 0.3783299180327869 0.33196721311475413 0.11629098360655742 0.15300546448087432