0 0.6995389344262296 0.335724043715847 0.08760245901639348 0.1345628415300546
0 0.7935450819672133 0.39071038251366125 0.05430327868852461 0.0969945355191257
0 0.8522028688524591 0.45901639344262296 0.08247950819672134 0.10519125683060106
0 0.804047131147541 0.5939207650273224 0.0712090163934426 0.09631147540983609
0 0.6887807377049181 0.5809426229508198 0.13165983606557372 0.17008196721311475
0 0.6741803278688525 0.8978825136612021 0.08811475409836067 0.1222677595628415
0 0.33811475409836067 0.7595628415300546 0.09118852459016394 0.12431693989071028
0 0.2602459016393443 0.8814890710382512 0.10348360655737704 0.125
0 0.2284836065573771 0.8237704918032785 0.10860655737704916 0.08060109289617484
0 0.5865552096469107 0.9811987704918032 0.0829464848675917 0.033435792349726864
0 0.30532786885245905 0.6912568306010929 0.08913934426229507 0.07786885245901634