0 0.46079388786764713 0.3295419730392157 0.05543428308823533 0.07391237745098038
0 0.5403550091911765 0.27439491421568624 0.052562040441176454 0.07008272058823532
0 0.6237936580882354 0.4459635416666667 0.05457261029411767 0.07391237745098038
0 0.7076631433823529 0.40019914215686275 0.05974264705882346 0.078125
0 0.644330193014706 0.3190104166666667 0.04566865808823533 0.06357230392156865
0 0.3450425091911765 0.4643458946078431 0.05313648897058823 0.06778492647058823
0 0.5153664981617647 0.5943627450980391 0.056008731617647016 0.06969975490196074
0 0.46768727022058826 0.8111213235294117 0.05945542279411767 0.07889093137254903
0 0.4273322610294118 0.6092984068627451 0.05284926470588234 0.07659313725490194
0 0.35969094669117657 0.6489353553921567 0.05600873161764706 0.07391237745098031
0 0.3087086397058824 0.6035539215686273 0.05514705882352944 0.07199754901960785