0 0.5885937500000001 0.3311458333333333 0.04343750000000002 0.06104166666666663
0 0.533046875 0.4507291666666667 0.05078125 0.06854166666666668
0 0.456875 0.29937499999999995 0.04156249999999995 0.06125000000000001
0 0.37140625 0.351875 0.05281249999999998 0.06708333333333331
0 0.30257812500000003 0.4741666666666667 0.04421875000000002 0.05333333333333332
0 0.43249999999999994 0.5857291666666666 0.04656250000000002 0.06395833333333331
0 0.34875 0.598125 0.05062500000000001 0.06708333333333331
0 0.294375 0.6304166666666667 0.0509375 0.06166666666666659
0 0.2671875 0.5898958333333333 0.045624999999999985 0.05812500000000007
0 0.38679687500000004 0.7747916666666667 0.05046874999999998 0.06083333333333331
0 0.6495312500000001 0.7996875 0.045624999999999985 0.07062500000000008