0 0.58296875 0.33864583333333337 0.0390625 0.0589583333333333
0 0.45562500000000006 0.3086458333333333 0.04624999999999995 0.06270833333333332
0 0.5264843750000001 0.4555208333333333 0.051093749999999986 0.06812499999999998
0 0.37289062500000003 0.35854166666666665 0.051093749999999986 0.06458333333333333
0 0.30359375000000005 0.4769791666666666 0.041874999999999975 0.05229166666666665
0 0.295703125 0.6275000000000001 0.051718750000000036 0.06208333333333336
0 0.26890625 0.5851041666666668 0.043750000000000004 0.05145833333333331
0 0.34945312500000003 0.5941666666666667 0.047968749999999984 0.06083333333333331
0 0.4303125 0.584375 0.04500000000000002 0.057500000000000044
0 0.38593750000000004 0.7664583333333332 0.0484375 0.05583333333333335
0 0.6375000000000001 0.7889583333333333 0.04906249999999997 0.06666666666666667