0 0.4257172131147542 0.34836065573770497 0.11065573770491804 0.15437158469945356
0 0.7328381147540984 0.33538251366120225 0.09375 0.13934426229508196
0 0.8135245901639344 0.41769125683060115 0.09528688524590159 0.1086065573770492
0 0.818391393442623 0.5286885245901639 0.10399590163934419 0.12021857923497255
0 0.794313524590164 0.6594945355191257 0.1244877049180329 0.13456284153005468
0 0.5776127049180328 0.7267759562841529 0.10399590163934427 0.13661202185792357
0 0.35886270491803285 0.9272540983606556 0.09887295081967214 0.12909836065573768
0 0.19441598360655743 0.9327185792349726 0.10092213114754096 0.1209016393442622
0 0.10783811475409842 0.9412568306010928 0.09989754098360654 0.09562841530054639
0 0.08401639344262302 0.796106557377049 0.09118852459016395 0.10724043715846995
0 0.20466188524590168 0.5341530054644809 0.13678278688524587 0.17349726775956284
0 0.12986680327868858 0.5833333333333334 0.07325819672131148 0.10792349726775943
0 0.1426741803278689 0.6680327868852458 0.07120901639344264 0.08879781420765032