0 0.33913934426229514 0.2076502732240438 0.09836065573770494 0.12568306010928962
0 0.45030737704918045 0.32377049180327877 0.06454918032786887 0.06147540983606555
0 0.41956967213114765 0.5006830601092895 0.09016393442622955 0.12158469945355178
0 0.546875 0.6547131147540983 0.09579918032786888 0.13046448087431686
0 0.3358094262295082 0.7226775956284153 0.05993852459016394 0.07650273224043716
0 0.24590163934426235 0.3299180327868853 0.0901639344262295 0.1229508196721311
0 0.7948258196721313 0.6639344262295082 0.086577868852459 0.11202185792349724
0 0.8837090163934427 0.7049180327868851 0.07377049180327866 0.10245901639344256
0 0.8688524590163935 0.5478142076502732 0.07172131147540987 0.09289617486338794
0 0.8378586065573771 0.5102459016393442 0.06608606557377038 0.0737704918032786
0 0.8163422131147542 0.3773907103825137 0.08043032786885257 0.08401639344262293
0 0.6800717213114755 0.467896174863388 0.0548155737704918 0.039617486338797823
0 0.5955430327868853 0.47916666666666674 0.03125 0.041666666666666664