0 0.46883898063781326 0.8118593394077449 0.058905182232346226 0.07996393318147313
0 0.3601936218678816 0.6492027334851936 0.05908314350797266 0.07498101746393313
0 0.4272850227790434 0.6083902809415337 0.054100227790432866 0.07450645406226274
0 0.5165326025056948 0.5945093014426728 0.05249857630979502 0.06952353834472286
0 0.30991956150341693 0.604000569476082 0.05463411161731209 0.06620159453302961
0 0.3450669134396356 0.4657839787395596 0.051608769931662885 0.06643887623386485
0 0.46038582004555817 0.33124525436598334 0.05908314350797275 0.0773538344722855
0 0.5386887813211846 0.27619589977220954 0.05089692482915718 0.07023538344722854
0 0.6235763097949887 0.44561503416856496 0.052320615034168585 0.0735573272589218
0 0.7071291287015946 0.40361617312072895 0.058905182232346226 0.08209946848899013
0 0.6473341400911163 0.320211655277145 0.040041287015945316 0.06430334092634779