0 0.4690061475409837 0.5317622950819672 0.0947745901639344 0.1331967213114753
0 0.4170081967213115 0.35655737704918034 0.06557377049180331 0.0655737704918033
0 0.328125 0.2390710382513662 0.09784836065573765 0.14071038251366116
0 0.24795081967213117 0.3674863387978142 0.10758196721311473 0.13114754098360654
0 0.2894467213114755 0.7783469945355191 0.06557377049180327 0.07991803278688524
0 0.834784836065574 0.5348360655737705 0.07735655737704922 0.09426229508196708
0 0.7873975409836066 0.4989754098360656 0.058401639344262346 0.07035519125683057
0 0.7817622950819673 0.3797814207650274 0.07274590163934418 0.07103825136612023
0 0.632172131147541 0.4743852459016394 0.053278688524590126 0.04439890710382516
0 0.8094262295081969 0.65198087431694 0.07786885245901641 0.09767759562841541
0 0.8824282786885246 0.6769125683060108 0.06813524590163933 0.10655737704918036
0 0.5906762295081969 0.669398907103825 0.09528688524590168 0.12431693989071028