0 0.43391393442622966 0.25102459016393447 0.06557377049180327 0.08538251366120217
0 0.5771004098360656 0.4275956284153006 0.033299180327868785 0.045081967213114756
0 0.8165983606557378 0.3760245901639345 0.0860655737704918 0.09494535519125685
0 0.8519467213114755 0.5710382513661203 0.0799180327868852 0.09972677595628412
0 0.8352971311475411 0.5122950819672132 0.055840163934426285 0.043715846994535505
0 0.716188524590164 0.6697404371584699 0.08504098360655742 0.1236338797814207
0 0.8250512295081969 0.7510245901639344 0.09887295081967214 0.11816939890710382
0 0.4326331967213115 0.5911885245901639 0.10297131147540983 0.13046448087431686
0 0.302766393442623 0.3961748633879782 0.10860655737704922 0.13934426229508196
0 0.17238729508196726 0.176912568306011 0.08862704918032788 0.11338797814207648
0 0.2807377049180328 0.07581967213114763 0.10040983606557377 0.133879781420765