0 0.5937823498964804 0.3344763630089717 0.04011387163561073 0.05995514147688059
0 0.5519701086956522 0.4535239820565908 0.04933359213250519 0.07116977225672876
0 0.47416860766045554 0.29856797791580403 0.0435106107660455 0.05887681159420287
0 0.3961244824016563 0.351298309178744 0.05111283643892346 0.06642512077294688
0 0.3095076345755694 0.47368875086266393 0.045128105590062084 0.05499482401656313
0 0.27554024327122156 0.5911188750862664 0.048039596273291935 0.058229813664596244
0 0.3104781314699793 0.6323110766045549 0.048039596273291886 0.062111801242235976
0 0.36717132505175987 0.5992063492063492 0.046907349896480356 0.06664078674948246
0 0.4505531832298137 0.5859428916494134 0.04868659420289863 0.06340579710144922
0 0.4057485766045549 0.77766994478951 0.05095108695652173 0.06426846100759143
0 0.6657608695652174 0.7921195652173912 0.043025362318840625 0.06685645272601803