0 0.28765368852459017 0.2790300546448088 0.0783811475409836 0.0935792349726776
0 0.39626024590163933 0.293032786885246 0.0660860655737705 0.069672131147541
0 0.3765368852459017 0.19467213114754103 0.09938524590163939 0.1174863387978142
0 0.5192110655737706 0.3302595628415301 0.07428278688524585 0.08674863387978142
0 0.4164959016393443 0.6700819672131146 0.05430327868852465 0.0655737704918033
0 0.5122950819672133 0.6536885245901639 0.09631147540983608 0.11612021857923503
0 0.7658811475409837 0.7312158469945355 0.09118852459016394 0.1236338797814208
0 0.8811475409836066 0.805327868852459 0.09528688524590159 0.11065573770491793
0 0.9141905737704917 0.6318306010928961 0.08247950819672117 0.10109289617486338
0 0.919313524590164 0.571379781420765 0.06506147540983616 0.05122950819672134
0 0.8883196721311477 0.4368169398907104 0.0942622950819672 0.09904371584699453
0 0.6606045081967213 0.4904371584699454 0.046618852459016404 0.06967213114754098
0 0.746157786885246 0.498292349726776 0.03125 0.030737704918032804