0 0.5573747152619591 0.34346526195899774 0.056591685649202805 0.07237091875474562
0 0.6229534453302963 0.45522494305239186 0.043956435079726665 0.06477790432801822
0 0.3983663154897495 0.46542805618830674 0.05427818906605926 0.0704726651480638
0 0.34204157175398636 0.5637813211845103 0.052676537585421415 0.0631169324221716
0 0.307873006833713 0.6073225132877752 0.04484624145785876 0.06382877752467724
0 0.3886674259681094 0.606492027334852 0.05801537585421408 0.07593014426727412
0 0.4667034453302962 0.6518128321943812 0.05427818906605922 0.07450645406226274
0 0.5238290148063782 0.6073225132877752 0.05178673120728927 0.07189635535307523
0 0.5675185079726652 0.5877467729688687 0.04555808656036451 0.06074411541381934
0 0.5443390877016129 0.7934937836021506 0.05355342741935481 0.07035450268817212
0 0.654921875 0.426875 0.041406250000000006 0.05375000000000002