0 0.39497950819672134 0.3493852459016394 0.11680327868852465 0.15642076502732238
0 0.6869877049180328 0.31625683060109294 0.07377049180327866 0.14344262295081964
0 0.765625 0.39139344262295084 0.100922131147541 0.11338797814207648
0 0.771516393442623 0.505464480874317 0.11372950819672126 0.12431693989071028
0 0.7635758196721312 0.6229508196721311 0.13268442622950813 0.1311475409836066
0 0.5617315573770493 0.7168715846994534 0.10297131147540989 0.14412568306010934
0 0.3450307377049181 0.9371584699453552 0.10911885245901637 0.10928961748633874
0 0.17864468035778397 0.9514856557377048 0.10421559022376457 0.09286202185792357
0 0.07248975409836071 0.9648224043715847 0.09477459016393441 0.06489071038251369
0 0.0409836065573771 0.8435792349726775 0.07479508196721311 0.1284153005464481
0 0.18032786885245908 0.5580601092896175 0.13217213114754098 0.17759562841530047
0 0.07761270491803285 0.6127049180327868 0.09170081967213115 0.10519125683060106
0 0.09016393442622955 0.6936475409836066 0.10655737704918032 0.0703551912568307