0 0.5931239565943239 0.3283249860879243 0.04225792988313853 0.06329994435169724
0 0.5983409849749582 0.4157971619365609 0.05164858096828047 0.06851697273233164
0 0.44274311352253765 0.30589176405119645 0.049300918196995 0.05877851975514747
0 0.5039127712854757 0.45301196438508623 0.05425709515859767 0.07199499165275464
0 0.3492278797996662 0.361192264885921 0.045388146911519205 0.0622565386755704
0 0.3193603923205343 0.4796188091263216 0.036258347245408995 0.051474680022259335
0 0.334489774624374 0.5910893155258764 0.04356218697829717 0.05877851975514747
0 0.4124843489148582 0.5841332776850305 0.042518781302170267 0.05808291597106295
0 0.29366652754590994 0.6276085141903172 0.042779632721202 0.05808291597106283
0 0.3691830133555927 0.7627295492487479 0.046692404006677804 0.06260434056761272
0 0.6128182387312187 0.8075959933222037 0.055561352253756274 0.0730383973288814