0 0.27663934426229514 0.1567622950819673 0.07684426229508193 0.10450819672131147
0 0.36501024590163944 0.11168032786885253 0.08350409836065578 0.05396174863387978
0 0.45158811475409844 0.17964480874316946 0.07120901639344268 0.06830601092896173
0 0.5586577868852459 0.24931693989071044 0.05481557377049171 0.08879781420765026
0 0.8860143442622951 0.475068306010929 0.10502049180327866 0.1209016393442622
0 0.9334016393442623 0.6673497267759563 0.0942622950819672 0.12295081967213121
0 0.8629610655737706 0.7079918032786885 0.10194672131147549 0.1263661202185793
0 0.7382172131147542 0.8842213114754097 0.11372950819672134 0.13592896174863386
0 0.6032274590163935 0.7496584699453552 0.09887295081967214 0.13456284153005468
0 0.3778176229508197 0.5747950819672131 0.09067622950819675 0.12636612021857913
0 0.28201844262295084 0.3671448087431694 0.1019467213114754 0.1222677595628415