0 0.58921875 0.3307291666666667 0.04093749999999999 0.06145833333333333
0 0.6168750000000001 0.4161458333333333 0.05250000000000004 0.06645833333333329
0 0.5228906249999999 0.4510416666666667 0.05078125 0.07124999999999998
0 0.45281250000000006 0.2989583333333333 0.047499999999999966 0.06291666666666665
0 0.362421875 0.3536458333333333 0.05046874999999998 0.06687500000000005
0 0.30367187500000004 0.47458333333333336 0.04265625000000002 0.053749999999999964
0 0.42296875 0.5841666666666666 0.047812499999999994 0.06166666666666659
0 0.341796875 0.595625 0.047968749999999984 0.06208333333333336
0 0.290390625 0.6290625 0.049531249999999985 0.06229166666666662
0 0.3796875 0.7717708333333334 0.05062499999999997 0.06104166666666669
0 0.63703125 0.8020833333333334 0.05093750000000004 0.06916666666666677