0 0.5245689655172414 0.34497126436781606 0.057327586206896625 0.06925287356321838
0 0.657219827586207 0.42614942528735633 0.043318965517241376 0.05632183908045973
0 0.6158405172413793 0.4538793103448276 0.043750000000000004 0.06408045977011495
0 0.37202380952380953 0.46538561076604557 0.051759834368530024 0.06815044858523116
0 0.32349896480331264 0.5635136300897171 0.047877846790890244 0.0651311249137335
0 0.3570619824016563 0.605352829537612 0.053539078674948254 0.07332643202208414
0 0.30053053830227744 0.6047058316080054 0.040760869565217385 0.05693581780538312
0 0.42928312629399584 0.6483781918564526 0.054671325051759825 0.07311076604554867
0 0.48896868530020704 0.6050293305728087 0.05305383022774324 0.07138543823326426
0 0.5455001293995859 0.5871290545203588 0.04642210144927539 0.0618961352657004
0 0.514921875 0.7917708333333332 0.05359375000000002 0.07145833333333336