0 0.4477459016393443 0.39924863387978143 0.06045081967213113 0.0744535519125683
0 0.5138319672131149 0.3760245901639345 0.053278688524590126 0.0771857923497268
0 0.379610655737705 0.44945355191256836 0.053278688524590216 0.07103825136612023
0 0.5215163934426229 0.29986338797814216 0.050204918032786865 0.0655737704918033
0 0.5742827868852459 0.3480191256830602 0.05225409836065573 0.0744535519125683
0 0.3726946721311476 0.3032786885245902 0.055840163934426194 0.0628415300546448
0 0.28739754098360665 0.367827868852459 0.04610655737704921 0.060792349726775954
0 0.3370901639344263 0.5887978142076503 0.050204918032786955 0.0655737704918033
0 0.42213114754098363 0.8507513661202184 0.058401639344262346 0.07855191256830606
0 0.45799180327868855 0.9665300546448087 0.058401639344262346 0.06147540983606561
0 0.2914959016393443 0.5918715846994534 0.03790983606557381 0.05532786885245902