0 0.4910037878787879 0.5738636363636365 0.11410984848484845 0.148989898989899
0 0.7071496212121211 0.5779671717171718 0.11837121212121211 0.15972222222222227
0 0.8058712121212122 0.44223484848484856 0.12263257575757561 0.14583333333333334
0 0.7578125 0.18181818181818185 0.1107954545454545 0.16035353535353536
0 0.8823390151515149 0.3068181818181819 0.11931818181818184 0.14015151515151517
0 0.16027462121212122 0.30713383838383845 0.125 0.14204545454545459
0 0.2059659090909091 0.4839015151515152 0.08948863636363638 0.09406565656565657
0 0.34398674242424243 0.6742424242424243 0.08901515151515148 0.10858585858585859
0 0.3165246212121212 0.8585858585858586 0.09469696969696968 0.10479797979797982
0 0.22395833333333331 0.6369949494949495 0.0743371212121212 0.11363636363636366
0 0.3667140151515151 0.16382575757575762 0.11174242424242418 0.17108585858585856