0 0.5552944862155389 0.34513366750208857 0.05639097744360902 0.06892230576441101
0 0.6365523182957393 0.45478279030910607 0.041118421052631596 0.0616123642439432
0 0.6763001253132832 0.427109440267335 0.03720238095238093 0.05586883876357559
0 0.4008067042606516 0.4658782372598162 0.052474937343358445 0.0676169590643275
0 0.5716439536340853 0.5884502923976607 0.04405545112781955 0.0621345029239766
0 0.5200501253132832 0.6060724728487886 0.04934210526315788 0.06970551378446121
0 0.4609179197994987 0.6490183792815372 0.05560776942355892 0.07101086048454472
0 0.38543624686716793 0.6063335421888053 0.053845551378446155 0.07388262322472841
0 0.3464716478696742 0.560515873015873 0.04718828320802007 0.0579573934837093
0 0.3232691102756892 0.60437552213868 0.04346804511278193 0.05900167084377609
0 0.5462875939849624 0.7914317042606515 0.05169172932330826 0.06866123642439431