0 0.6264843750000001 0.3627083333333333 0.04109375000000002 0.050416666666666644
0 0.5899218749999999 0.3927083333333333 0.04734375000000002 0.06708333333333331
0 0.5700781250000001 0.3219791666666667 0.04578125000000002 0.06145833333333333
0 0.5444531250000001 0.4091666666666667 0.047968749999999984 0.06625000000000002
0 0.41484375 0.30822916666666667 0.045312500000000006 0.05604166666666668
0 0.321875 0.36625 0.044062499999999984 0.06041666666666667
0 0.4552343750000001 0.4507291666666667 0.04890625000000002 0.06687499999999999
0 0.3809375 0.5820833333333333 0.045624999999999985 0.058749999999999976
0 0.3175 0.590625 0.043750000000000004 0.05916666666666662
0 0.28835937500000003 0.62 0.036093749999999994 0.052083333333333336
0 0.34351562500000005 0.7451041666666666 0.036093749999999994 0.04229166666666669
0 0.543984375 0.8146874999999999 0.05359375000000002 0.07437499999999997
0 0.330859375 0.4830208333333334 0.03359375 0.04187499999999999