0 0.44057377049180335 0.5143442622950819 0.09836065573770499 0.11475409836065562
0 0.568391393442623 0.6608606557377049 0.08350409836065574 0.12226775956284162
0 0.7991803278688526 0.6560792349726776 0.07479508196721314 0.10450819672131147
0 0.8780737704918032 0.6844262295081965 0.06659836065573775 0.09972677595628418
0 0.8473360655737706 0.5406420765027322 0.0635245901639344 0.1072404371584699
0 0.8119877049180328 0.4900956284153006 0.04405737704918025 0.05122950819672134
0 0.7994364754098361 0.3855874316939891 0.06813524590163933 0.08265027322404374
0 0.3299180327868853 0.23053278688524598 0.08811475409836067 0.13183060109289618
0 0.24590163934426235 0.3487021857923498 0.0983606557377049 0.11680327868852457
0 0.3176229508196722 0.7452185792349726 0.0594262295081967 0.06693989071038248
0 0.4341700819672132 0.33606557377049184 0.0824795081967213 0.043715846994535505