0 0.5817968750000001 0.34010416666666665 0.041718749999999985 0.06104166666666669
0 0.48093749999999996 0.30333333333333334 0.044062499999999984 0.06083333333333331
0 0.41296875000000005 0.35281250000000003 0.05250000000000004 0.06687499999999999
0 0.6335937500000001 0.41520833333333335 0.05218749999999997 0.07125000000000004
0 0.559921875 0.4544791666666666 0.04609375 0.06687499999999999
0 0.31109375 0.4716666666666666 0.047187499999999986 0.05916666666666668
0 0.38328125 0.5974999999999999 0.046875 0.06083333333333331
0 0.463359375 0.5851041666666668 0.04515624999999997 0.060208333333333405
0 0.32460937500000003 0.635 0.051718750000000036 0.06666666666666667
0 0.27999999999999997 0.59375 0.05062500000000001 0.06541666666666662
0 0.41960937500000006 0.7772916666666667 0.05203124999999997 0.0679166666666666
0 0.6667968750000001 0.7815624999999999 0.043906250000000036 0.06604166666666664