0 0.4926609848484848 0.44128787878787884 0.14109848484848478 0.18686868686868685
0 0.6882102272727272 0.36458333333333337 0.08901515151515156 0.14583333333333334
0 0.543560606060606 0.11900252525252532 0.14630681818181818 0.18244949494949492
0 0.7206439393939393 0.09595959595959602 0.08948863636363634 0.10858585858585859
0 0.7826704545454546 0.1979166666666667 0.09138257575757579 0.13194444444444442
0 0.17211174242424243 0.6098484848484849 0.0956439393939394 0.143939393939394
0 0.19199810606060608 0.8753156565656565 0.10890151515151517 0.14330808080808086
0 0.5499526515151515 0.6821338383838385 0.09753787878787873 0.12184343434343436
0 0.4467329545454546 0.8311237373737375 0.09943181818181822 0.14330808080808086
0 0.33948863636363635 0.9412878787878789 0.10179924242424243 0.10479797979797982
0 0.5104166666666667 0.9422348484848484 0.08380681818181818 0.09911616161616159
0 0.7769886363636364 0.6808712121212123 0.06486742424242423 0.08775252525252514