0 0.3501536885245902 0.3309426229508198 0.10502049180327871 0.14412568306010928
0 0.1383196721311476 0.46687158469945356 0.1219262295081967 0.1454918032786884
0 0.700563524590164 0.3777322404371585 0.11219262295081966 0.15437158469945356
0 0.8094262295081969 0.4798497267759563 0.09426229508196729 0.1099726775956284
0 0.750768442622951 0.6038251366120219 0.11834016393442628 0.13251366120218577
0 0.6657274590163935 0.7185792349726775 0.12756147540983598 0.1557377049180328
0 0.45081967213114765 0.7295081967213115 0.11065573770491804 0.1557377049180328
0 0.2889344262295082 0.8661202185792349 0.09323770491803277 0.12431693989071041
0 0.1654713114754099 0.8306010928961748 0.08196721311475406 0.11202185792349724
0 0.11039959016393448 0.821379781420765 0.0630122950819672 0.10040983606557378
0 0.1416495901639345 0.6888661202185792 0.06506147540983608 0.09494535519125691