0 0.575078125 0.33354166666666674 0.041718749999999985 0.05916666666666668
0 0.5892968749999999 0.41687500000000005 0.05015624999999995 0.06583333333333333
0 0.49828125 0.45541666666666664 0.04906250000000006 0.06916666666666664
0 0.433828125 0.3096875 0.04703124999999995 0.059375
0 0.34382812500000004 0.36343749999999997 0.047656250000000004 0.06437500000000002
0 0.30203125000000003 0.48062499999999997 0.03531249999999999 0.04583333333333333
0 0.405859375 0.5829166666666666 0.04421874999999997 0.057500000000000044
0 0.32796875 0.5916666666666667 0.04593750000000001 0.05958333333333338
0 0.28359375000000003 0.6227083333333333 0.047187499999999986 0.0570833333333334
0 0.26960937500000004 0.5831249999999999 0.03921875 0.049583333333333354
0 0.36390625000000004 0.75875 0.04968750000000002 0.05791666666666669
0 0.6047656250000001 0.7959374999999999 0.051406249999999966 0.06937500000000002