0 0.3125 0.4405737704918033 0.10245901639344264 0.14754098360655737
0 0.36347336065573776 0.2882513661202186 0.10502049180327871 0.13387978142076498
0 0.225922131147541 0.4245218579234973 0.06557377049180327 0.10040983606557378
0 0.19902663934426235 0.42486338797814216 0.07018442622950816 0.11612021857923498
0 0.20619877049180335 0.9170081967213114 0.0671106557377049 0.09767759562841528
0 0.5817110655737706 0.54474043715847 0.09272540983606561 0.1209016393442622
0 0.652407786885246 0.6615437158469945 0.0783811475409836 0.10314207650273227
0 0.7489754098360657 0.5853825136612021 0.06864754098360662 0.09836065573770487
0 0.789190573770492 0.6065573770491802 0.03022540983606561 0.07786885245901647
0 0.7046618852459017 0.4904371584699454 0.06301229508196719 0.06693989071038248
0 0.6349897540983607 0.3664617486338798 0.05788934426229506 0.07172131147540987