0 0.20722336065573776 0.6806693989071038 0.11116803278688524 0.12090163934426232
0 0.19006147540983612 0.7602459016393441 0.1096311475409836 0.10928961748633874
0 0.16880122950819676 0.9293032786885245 0.10399590163934423 0.13456284153005454
0 0.3802871510593877 0.9627561475409836 0.10995954802041466 0.07032103825136614
0 0.5304815573770493 0.9129098360655736 0.100922131147541 0.1222677595628415
0 0.44902663934426235 0.569672131147541 0.11526639344262297 0.15710382513661186
0 0.5758196721311476 0.3456284153005465 0.11372950819672126 0.1516393442622951
0 0.722079918032787 0.2701502732240437 0.08555327868852461 0.09221311475409835
0 0.7717725409836067 0.34221311475409844 0.07735655737704922 0.0969945355191257
0 0.8148053278688526 0.4337431693989071 0.08760245901639348 0.1092896174863388
0 0.8501536885245902 0.5331284153005464 0.10911885245901641 0.11953551912568307
0 0.720030737704918 0.6437841530054645 0.09170081967213113 0.1222677595628415