0 0.5750194099378881 0.32358523119392685 0.046907349896480356 0.0631901311249137
0 0.6317934782608696 0.36229727398205663 0.040760869565217385 0.047877846790890285
0 0.6011419513457558 0.39443150448585235 0.045775103519668736 0.06642512077294688
0 0.5583592132505176 0.410606452726018 0.04949534161490679 0.06815044858523116
0 0.46737512939958603 0.45190648723257426 0.050627587991718404 0.06836611456176674
0 0.4203060300207039 0.3069789510006901 0.04771609730848861 0.05930814354727397
0 0.32641045548654246 0.3665027605244997 0.04820134575569357 0.06232746721877156
0 0.3268148291925466 0.4795117322291235 0.03768762939958595 0.04981884057971016
0 0.38674301242236025 0.583247066942719 0.046260351966873704 0.05887681159420287
0 0.3188891045548654 0.5910110420979985 0.04318711180124222 0.05887681159420299
0 0.28613483436853004 0.6212042788129745 0.03817287784679087 0.055426155969634294
0 0.34881275879917184 0.749417701863354 0.03833462732919255 0.049171842650103534
0 0.5617559523809524 0.8149801587301586 0.054024327122153264 0.07418909592822646