0 0.499609375 0.34624999999999995 0.05390625 0.07125000000000004
0 0.35484375 0.4661458333333333 0.05281250000000002 0.06604166666666664
0 0.604921875 0.45510416666666664 0.04703124999999995 0.06645833333333334
0 0.655546875 0.4253124999999999 0.043281249999999986 0.05604166666666668
0 0.535859375 0.2998958333333333 0.04078125000000004 0.05770833333333337
0 0.52828125 0.5875 0.045937500000000055 0.0625
0 0.4659375000000001 0.6029166666666667 0.05125000000000002 0.0679166666666666
0 0.405 0.64625 0.05343750000000003 0.07374999999999995
0 0.33671875 0.60375 0.053125000000000006 0.06958333333333329
0 0.31179687500000003 0.5584375 0.047343749999999976 0.05687499999999996
0 0.4941448072805139 0.7897260885082085 0.05487152034261236 0.06937009279086367