0 0.2792008196721312 0.15983606557377056 0.0860655737704918 0.1174863387978142
0 0.36039959016393447 0.09801912568306018 0.08043032786885247 0.07991803278688524
0 0.3703893442622951 0.1622267759562842 0.0430327868852459 0.059426229508196704
0 0.4528688524590164 0.17554644808743175 0.05122950819672126 0.05601092896174865
0 0.5543032786885246 0.25375683060109294 0.0635245901639344 0.10040983606557374
0 0.8801229508196722 0.47814207650273227 0.11372950819672134 0.11885245901639341
0 0.7059426229508197 0.4644808743169399 0.06762295081967214 0.06147540983606555
0 0.4848872950819673 0.5720628415300546 0.08350409836065574 0.08265027322404361
0 0.3762807377049181 0.5737704918032787 0.10297131147540989 0.12431693989071034
0 0.2804815573770492 0.3685109289617487 0.1019467213114754 0.1222677595628415
0 0.6052766393442623 0.7441939890710382 0.10399590163934427 0.13866120218579236
0 0.7410348360655739 0.8886612021857924 0.1173155737704919 0.14071038251366125
0 0.8583504098360657 0.7127732240437158 0.10502049180327866 0.13183060109289618
0 0.9326331967213115 0.6673497267759563 0.08555327868852453 0.11612021857923503
0 0.8872950819672131 0.6116803278688524 0.07479508196721323 0.08674863387978142
0 0.8288934426229508 0.12534153005464488 0.07274590163934427 0.08948087431693988