0 0.5845312500000001 0.32708333333333334 0.04437500000000005 0.06083333333333331
0 0.571484375 0.41177083333333336 0.049843749999999964 0.06812499999999998
0 0.640078125 0.36520833333333336 0.03921874999999995 0.04833333333333337
0 0.479921875 0.45125 0.04890625000000002 0.06458333333333333
0 0.431640625 0.31 0.04546875000000004 0.06374999999999999
0 0.338359375 0.3670833333333333 0.04671875000000001 0.06125000000000001
0 0.398984375 0.5814583333333334 0.04390624999999995 0.05791666666666669
0 0.331171875 0.5902083333333333 0.045468749999999995 0.057083333333333285
0 0.29593749999999996 0.620625 0.03843749999999999 0.05375000000000002
0 0.3615625 0.7490624999999999 0.03812500000000001 0.04645833333333336
0 0.5766658560311284 0.8110138348465197 0.0520833333333334 0.06998486813661912