0 0.38550204918032793 0.38148907103825136 0.06403688524590168 0.08128415300546449
0 0.3414446721311476 0.2595628415300547 0.12141393442622955 0.13934426229508198
0 0.2587090163934426 0.4030054644808744 0.12295081967213113 0.14617486338797814
0 0.7364241803278689 0.36236338797814216 0.060963114754098414 0.08128415300546449
0 0.7966188524590164 0.5013661202185793 0.07377049180327866 0.07377049180327866
0 0.7561475409836066 0.4859972677595629 0.04918032786885247 0.05532786885245902
0 0.8122438524590166 0.6144125683060108 0.05788934426229506 0.09494535519125678
0 0.8614241803278688 0.6400273224043715 0.06301229508196737 0.0915300546448087
0 0.6370389344262296 0.6707650273224044 0.08043032786885239 0.11612021857923503
0 0.5243340163934427 0.5457650273224044 0.10092213114754092 0.1393442622950819
0 0.27254098360655743 0.8422131147540983 0.07274590163934427 0.08333333333333333
0 0.41880122950819687 0.9750683060109289 0.03739754098360661 0.04439890710382516