0 0.5896093750000001 0.3286458333333333 0.041406250000000006 0.06187499999999998
0 0.60640625 0.4142708333333333 0.05093749999999995 0.06770833333333333
0 0.5111718749999999 0.4536458333333333 0.049531249999999985 0.071875
0 0.4454687500000001 0.301875 0.04812500000000002 0.06208333333333336
0 0.35203125 0.35489583333333335 0.047812499999999994 0.06270833333333332
0 0.306953125 0.48031250000000003 0.03703125000000003 0.046458333333333296
0 0.41539062500000007 0.5839583333333334 0.04484374999999999 0.058333333333333334
0 0.335078125 0.5939583333333334 0.04703125 0.06125000000000007
0 0.28828125 0.6273958333333333 0.04812500000000002 0.06187499999999998
0 0.37031250000000004 0.7677083333333333 0.04968750000000002 0.06124999999999995
0 0.6240625 0.805625 0.051874999999999984 0.07124999999999998