0 0.546953125 0.33729166666666666 0.06015625 0.07541666666666665
0 0.6771875 0.4235416666666667 0.04343750000000002 0.058333333333333334
0 0.6335156250000001 0.45260416666666664 0.049531249999999985 0.06812499999999998
0 0.38679687500000004 0.46322916666666664 0.05484375000000004 0.07145833333333336
0 0.56546875 0.5904166666666666 0.05 0.06708333333333331
0 0.51125 0.6087500000000001 0.055625000000000036 0.07250000000000002
0 0.448828125 0.6549999999999999 0.057031250000000006 0.07833333333333325
0 0.37117187500000004 0.6090625000000001 0.059531250000000036 0.07895833333333341
0 0.333984375 0.5620833333333334 0.05078125 0.06416666666666664
0 0.309296875 0.6075 0.045468749999999995 0.06166666666666659
0 0.535859375 0.8028125 0.05453124999999997 0.07312499999999993