0 0.7097656250000001 0.47281249999999997 0.05234375 0.06145833333333333
0 0.6880468750000001 0.5697916666666667 0.05515625000000002 0.07125000000000009
0 0.7503125 0.6021874999999999 0.04906249999999997 0.06187499999999998
0 0.6110156250000001 0.6194791666666667 0.057031250000000006 0.0727083333333334
0 0.553125 0.5569791666666667 0.05281249999999993 0.07062500000000001
0 0.5837500000000001 0.4640625 0.039687500000000056 0.05020833333333338
0 0.45210937500000004 0.5163541666666667 0.04609375 0.06020833333333334
0 0.6771093750000001 0.7527083333333333 0.04609375 0.05916666666666662
0 0.422109375 0.4272916666666666 0.04921874999999996 0.06041666666666667
0 0.47898437499999996 0.350625 0.03703124999999998 0.04583333333333333
0 0.43421875 0.37864583333333335 0.03718750000000002 0.03187500000000002