0 0.38707386363636365 0.6357323232323232 0.11647727272727276 0.15277777777777773
0 0.6017992424242424 0.631628787878788 0.12736742424242423 0.15593434343434337
0 0.6463068181818182 0.22821969696969704 0.11410984848484845 0.16224747474747478
0 0.7772253787878788 0.34438131313131315 0.10606060606060588 0.1433080808080808
0 0.6988636363636364 0.49684343434343436 0.11884469696969689 0.1502525252525252
0 0.26278409090909094 0.7487373737373737 0.09138257575757575 0.11489898989898996
0 0.2502367424242424 0.9340277777777778 0.08143939393939395 0.10290404040404048
0 0.05634469696969696 0.3869949494949496 0.1084280303030303 0.14267676767676765
0 0.24952651515151514 0.22664141414141423 0.12547348484848486 0.16161616161616166
0 0.13162878787878787 0.5625 0.06960227272727271 0.10101010101010098
0 0.1493844696969697 0.7143308080808081 0.07575757575757576 0.10795454545454544