0 0.6214843750000001 0.3310416666666666 0.043906250000000036 0.06374999999999999
0 0.51765625 0.2878125 0.043750000000000004 0.060208333333333315
0 0.4475781250000001 0.34177083333333336 0.05359375000000002 0.071875
0 0.6782812500000001 0.4084375 0.05874999999999995 0.07395833333333333
0 0.6004687500000001 0.45 0.05218749999999997 0.07124999999999998
0 0.5 0.5886458333333333 0.04875000000000007 0.06645833333333329
0 0.415859375 0.6033333333333334 0.05203125000000002 0.06916666666666664
0 0.352265625 0.6421875 0.053281249999999995 0.07062499999999995
0 0.30625 0.5989583333333334 0.0546875 0.06791666666666671
0 0.33757812500000006 0.46958333333333335 0.04953125000000003 0.06416666666666669
0 0.455078125 0.7927083333333333 0.055781250000000074 0.07125000000000009