0 0.37452651515151514 0.34501262626262635 0.0989583333333334 0.13699494949494948
0 0.7007575757575757 0.2809343434343435 0.0951704545454545 0.148989898989899
0 0.8217329545454544 0.35195707070707083 0.08996212121212128 0.12310606060606061
0 0.7710700757575757 0.4895833333333333 0.10890151515151505 0.12184343434343431
0 0.709280303030303 0.6196338383838386 0.10748106060606055 0.12310606060606055
0 0.5286458333333334 0.6600378787878789 0.10132575757575762 0.12436868686868685
0 0.4083806818181819 0.7793560606060607 0.08049242424242427 0.09785353535353529
0 0.3974905303030303 0.9453914141414141 0.07859848484848482 0.08017676767676771
0 0.20572916666666666 0.5119949494949496 0.08712121212121211 0.13257575757575762
0 0.24857954545454541 0.643939393939394 0.06297348484848482 0.08207070707070703
0 0.2973484848484848 0.773358585858586 0.0743371212121212 0.09469696969696967