0 0.5762325310559007 0.3275750517598344 0.04480460662525881 0.06211180124223604
0 0.6309038561076605 0.3671497584541063 0.04286361283643894 0.0519755003450656
0 0.5959659679089028 0.3957255003450656 0.04706909937888196 0.06426846100759143
0 0.5490586180124224 0.41351794340924775 0.04609860248447202 0.0670721187025535
0 0.42750388198757766 0.3154977570738441 0.04593685300207043 0.057798481711525206
0 0.46575763457556935 0.45481797791580403 0.04674560041407867 0.06426846100759143
0 0.33732854554865427 0.37211007591442374 0.045775103519668736 0.05930814354727397
0 0.3936173654244306 0.5805512422360248 0.043510610766045545 0.055641821946169755
0 0.3323143115942029 0.5875603864734299 0.041893115942029005 0.05499482401656313
0 0.30691964285714285 0.6175379572118702 0.036393633540372686 0.05154416839199444
0 0.3581133540372671 0.7412223947550034 0.03493788819875774 0.045289855072463796
0 0.5484924948240165 0.8043046928916494 0.05337732919254661 0.07052277432712206