0 0.3632172131147542 0.39651639344262296 0.04098360655737703 0.06898907103825139
0 0.35450819672131156 0.27288251366120225 0.09836065573770499 0.13456284153005466
0 0.2891905737704918 0.41598360655737704 0.10399590163934423 0.13251366120218577
0 0.2282274590163935 0.403688524590164 0.06403688524590163 0.09562841530054644
0 0.561219262295082 0.5416666666666666 0.09784836065573775 0.11612021857923487
0 0.690829918032787 0.36543715846994546 0.06711065573770485 0.06830601092896173
0 0.7548668032786886 0.4918032786885246 0.06813524590163943 0.09016393442622939
0 0.7830430327868854 0.5973360655737705 0.06403688524590168 0.0922131147540983
0 0.8296618852459017 0.6171448087431695 0.055840163934426285 0.09904371584699459
0 0.6475409836065574 0.6601775956284153 0.08196721311475415 0.09904371584699448
0 0.5035860655737706 0.6967213114754097 0.03995901639344268 0.0628415300546448
0 0.4157274590163935 0.9832650273224042 0.05891393442622959 0.026639344262295
0 0.24052254098360662 0.8777322404371584 0.0660860655737705 0.09016393442622951