0 0.5979498861047837 0.33373671222475326 0.03879555808656035 0.060981397114654536
0 0.4836987471526197 0.30087319665907364 0.04876138952164011 0.0631169324221716
0 0.40824316628701596 0.3495159453302962 0.0498291571753986 0.0669134396355353
0 0.5610229214123008 0.4530894077448747 0.049651195899772294 0.0704726651480638
0 0.3143685933940775 0.4723092255125285 0.0457360478359909 0.05765945330296128
0 0.46243237471526194 0.5867976461655277 0.04609197038724373 0.05884586180713747
0 0.38021426537585423 0.6000854214123007 0.04858342824601372 0.062167805618830604
0 0.28002206719817774 0.5932042520880789 0.04929527334851938 0.05837129840546697
0 0.3211311218678816 0.638287775246773 0.05285449886104781 0.06121867881548984
0 0.4171412300683372 0.7801822323462415 0.053388382687927075 0.06691343963553535
0 0.6779891304347826 0.7915372670807452 0.04153726708074537 0.06392339544513455