0 0.5942968750000001 0.31375000000000003 0.04734375000000002 0.06583333333333333
0 0.591796875 0.4048958333333333 0.05640625000000004 0.07354166666666669
0 0.4928125 0.44729166666666664 0.0546875 0.07375000000000001
0 0.43406249999999996 0.291875 0.04968750000000002 0.06166666666666668
0 0.33296875000000004 0.35270833333333335 0.05281250000000002 0.06708333333333337
0 0.39906250000000004 0.5862499999999999 0.05218750000000005 0.06666666666666667
0 0.32125000000000004 0.5971875 0.05 0.0672916666666667
0 0.28164062500000003 0.6278125 0.04734375000000002 0.06187499999999998
0 0.356171875 0.7744791666666666 0.051406250000000014 0.06437499999999995
0 0.603125 0.8298958333333334 0.05875000000000004 0.078125
0 0.31633910515672403 0.47649140546006064 0.04281471183013141 0.05519042804179305