0 0.5479519110275689 0.33730158730158727 0.057369987468671724 0.07414369256474522
0 0.6328320802005013 0.452172096908939 0.04934210526315788 0.06787802840434415
0 0.6786497493734336 0.42319340016708434 0.04190162907268169 0.05691311612364244
0 0.3875 0.4622916666666666 0.0546875 0.07208333333333332
0 0.33453125 0.5596874999999999 0.04968750000000002 0.05937499999999994
0 0.371328125 0.6078125 0.05609375000000001 0.07145833333333323
0 0.44968220338983045 0.6546610169491525 0.056673728813559254 0.07909604519774013
0 0.5354872881355933 0.8022598870056497 0.055084745762711856 0.07556497175141245
0 0.5108580508474576 0.6080508474576269 0.056673728813559344 0.07274011299435029
0 0.564751059322034 0.5905720338983049 0.052701271186440746 0.06532485875706216
0 0.6430376838235294 0.4003195028011204 0.033153886554621884 0.04354866946778711