0 0.5366290983606558 0.3989071038251366 0.1101434426229509 0.12704918032786883
0 0.6162909836065575 0.5225409836065574 0.0706967213114754 0.10109289617486332
0 0.7307889344262296 0.4637978142076503 0.06915983606557373 0.08879781420765026
0 0.705174180327869 0.3739754098360656 0.06506147540983608 0.06625683060109289
0 0.6275614754098362 0.24931693989071047 0.07172131147540979 0.08469945355191255
0 0.3104508196721312 0.13217213114754106 0.11168032786885247 0.1290983606557377
0 0.26280737704918034 0.2831284153005465 0.1137295081967213 0.14275956284153005
0 0.18032786885245908 0.28859289617486344 0.0747950819672131 0.09767759562841528
0 0.19620901639344268 0.7889344262295082 0.06045081967213117 0.06967213114754098
0 0.3762807377049181 0.907103825136612 0.06403688524590163 0.0956284153005465
0 0.45927254098360665 0.5922131147540983 0.047643442622950796 0.05327868852459012