0 0.5936716791979949 0.3365183792815371 0.03641917293233084 0.05952380952380955
0 0.5696859335839599 0.4536079782790309 0.0495379072681704 0.06918337510442776
0 0.4904840225563909 0.29931599832915623 0.0462092731829574 0.0650062656641604
0 0.4221491228070175 0.34826649958228906 0.05208333333333331 0.06735588972431075
0 0.31710134711779453 0.4700553467000835 0.04679667919799502 0.06343984962406016
0 0.2858709273182957 0.5945854218880534 0.054824561403508776 0.06291771094402669
0 0.33051378446115287 0.6355733082706767 0.05130012531328321 0.06396198830409361
0 0.39238721804511273 0.5998068086883876 0.04855889724310774 0.067094820384294
0 0.4723723370927318 0.5866228070175439 0.04875469924812031 0.0657894736842105
0 0.6443843984962406 0.4136643692564745 0.05443295739348378 0.07597117794486218
0 0.4287084899749374 0.7815110693400167 0.05071271929824564 0.06866123642439431
0 0.6807056704260651 0.7859492481203006 0.042489035087719264 0.0655284043441938