0 0.25742827868852464 0.14754098360655743 0.086577868852459 0.11475409836065571
0 0.3560450819672132 0.08128415300546454 0.08811475409836067 0.09972677595628415
0 0.5427766393442622 0.27219945355191266 0.0701844262295082 0.08401639344262296
0 0.8962602459016393 0.5030737704918032 0.1009221311475411 0.11680327868852446
0 0.9334016393442623 0.6997950819672131 0.07377049180327866 0.10314207650273227
0 0.8862704918032787 0.7476092896174863 0.10348360655737708 0.12636612021857918
0 0.7794569672131149 0.9241803278688524 0.11219262295081976 0.13797814207650264
0 0.6467725409836066 0.7865437158469945 0.10809426229508193 0.14139344262295073
0 0.38063524590163933 0.5976775956284153 0.0973360655737705 0.12431693989071041
0 0.6723872950819673 0.5006830601092895 0.0548155737704918 0.0710382513661201
0 0.2817622950819672 0.3654371584699454 0.0901639344262295 0.11475409836065573