0 0.2722848360655738 0.28893442622950827 0.0906762295081967 0.10655737704918031
0 0.3370901639344263 0.5027322404371585 0.09118852459016398 0.11885245901639341
0 0.48616803278688536 0.7175546448087431 0.09631147540983608 0.13046448087431686
0 0.5906762295081968 0.8941256830601092 0.10553278688524587 0.13934426229508196
0 0.7535860655737706 0.7585382513661202 0.10655737704918034 0.1482240437158469
0 0.8811475409836066 0.7353142076502732 0.09631147540983598 0.13319672131147547
0 0.8875512295081969 0.6574453551912568 0.07530737704918043 0.08538251366120211
0 0.8250512295081969 0.5167349726775956 0.10809426229508201 0.11816939890710382
0 0.7164446721311477 0.46038251366120225 0.055840163934426194 0.07650273224043716
0 0.6209016393442623 0.22643442622950827 0.06045081967213113 0.07035519125683057
0 0.8591188524590164 0.13387978142076512 0.09631147540983598 0.11202185792349725
0 0.6716188524590164 0.018442622950819748 0.0625 0.02868852459016393
0 0.5476434426229508 0.5344945355191257 0.04508196721311473 0.0580601092896174
0 0.32838114754098363 0.09972677595628421 0.07172131147540983 0.10382513661202185