0 0.2868852459016394 0.29098360655737715 0.09118852459016394 0.1297814207650273
0 0.5560963114754099 0.41461748633879786 0.10502049180327866 0.15300546448087432
0 0.6498463114754099 0.5771857923497268 0.11424180327868855 0.15846994535519124
0 0.5122950819672132 0.6588114754098361 0.11885245901639348 0.1577868852459016
0 0.358094262295082 0.712431693989071 0.11372950819672134 0.1516393442622951
0 0.2761270491803279 0.6424180327868851 0.10245901639344264 0.10724043715846995
0 0.25230532786885246 0.7448770491803278 0.08862704918032788 0.0908469945355191
0 0.20773565573770494 0.6673497267759563 0.05379098360655737 0.0860655737704917
0 0.2845799180327869 0.560792349726776 0.05276639344262293 0.06420765027322405
0 0.241547131147541 0.9163251366120218 0.06813524590163933 0.08401639344262293
0 0.16470286885245905 0.3586065573770492 0.08145491803278687 0.10792349726775956