0 0.6057889344262296 0.4675546448087432 0.03022540983606561 0.0334699453551913
0 0.7740778688524591 0.3770491803278689 0.053278688524590216 0.07650273224043716
0 0.7725409836065574 0.4986338797814208 0.04918032786885238 0.0737704918032786
0 0.8319672131147542 0.5215163934426229 0.0625 0.09084699453551905
0 0.818391393442623 0.6420765027322405 0.07940573770491799 0.09836065573770487
0 0.8870389344262297 0.6635928961748634 0.06711065573770494 0.10587431693989065
0 0.6221823770491804 0.682035519125683 0.086577868852459 0.12636612021857918
0 0.5030737704918034 0.5512295081967213 0.09836065573770494 0.13251366120218577
0 0.2904713114754099 0.8210382513661202 0.07684426229508197 0.07923497267759554
0 0.25794057377049184 0.39788251366120225 0.1019467213114754 0.14275956284153005
0 0.40266393442622955 0.37841530054644806 0.08299180327868855 0.09289617486338794
0 0.3370901639344263 0.25990437158469953 0.10758196721311478 0.14002732240437157