0 0.7241290983606559 0.3435792349726776 0.047643442622950796 0.06830601092896173
0 0.610143442622951 0.4583333333333333 0.05737704918032787 0.07513661202185791
0 0.6611168032786886 0.45696721311475413 0.04354508196721305 0.06147540983606561
0 0.444672131147541 0.42452185792349734 0.040983606557377074 0.05122950819672128
0 0.5397028688524591 0.5737704918032787 0.05686475409836067 0.07377049180327877
0 0.6398565573770493 0.6215846994535519 0.0635245901639344 0.08469945355191252
0 0.7036372950819673 0.6618852459016392 0.05481557377049171 0.07650273224043716
0 0.6885245901639345 0.8032786885245901 0.05430327868852469 0.07240437158469935
0 0.4426229508196722 0.6287568306010929 0.05942622950819674 0.07855191256830593
0 0.4323770491803279 0.5543032786885246 0.053278688524590216 0.06215846994535509
0 0.7036372950819674 0.6007513661202184 0.055840163934426285 0.058060109289617516
0 0.4387807377049181 0.5099043715846995 0.04559426229508201 0.0443989071038251