0 0.6051136363636364 0.3828914141414142 0.143465909090909 0.19760101010101008
0 0.7213541666666666 0.28598484848484856 0.07765151515151524 0.12247474747474751
0 0.7644412878787878 0.09595959595959602 0.08806818181818184 0.10984848484848483
0 0.5857007575757576 0.07481060606060613 0.13967803030303028 0.1294191919191919
0 0.1749526515151515 0.4826388888888889 0.07859848484848482 0.10416666666666667
0 0.25047348484848486 0.6461489898989898 0.13589015151515152 0.1496212121212121
0 0.11174242424242423 0.6575126262626263 0.08759469696969696 0.10669191919191927
0 0.5364583333333334 0.8039772727272728 0.11505681818181818 0.13446969696969688
0 0.5991950757575757 0.6357323232323232 0.09659090909090917 0.13636363636363633
0 0.2658617424242424 0.9185606060606061 0.10984848484848482 0.15025252525252525
0 0.43418560606060597 0.9393939393939393 0.10842803030303023 0.11111111111111106