0 0.4712171052631579 0.810981781376518 0.06136133603238872 0.07759784075573546
0 0.5170799595141701 0.5956899460188934 0.05313765182186234 0.06789811066126863
0 0.42677758097166 0.6091852226720647 0.05535172064777325 0.0746457489878542
0 0.359881072874494 0.649671052631579 0.055668016194332016 0.07801956815114709
0 0.3099063765182187 0.6015941295546559 0.05503542510121458 0.06789811066126852
0 0.34548962550607293 0.46643049932523617 0.05282135627530363 0.06916329284750333
0 0.4614119433198381 0.32852564102564097 0.05377024291497978 0.07338056680161943
0 0.6236715587044535 0.44450067476383265 0.05440283400809714 0.07338056680161943
0 0.5387462044534413 0.27327935222672056 0.0496584008097166 0.0649460188933873
0 0.6434400303643725 0.32009109311740885 0.043332489878542546 0.06410256410256411
0 0.7070154352226721 0.4006410256410256 0.06041244939271256 0.08097165991902837