0 0.578046875 0.33864583333333337 0.039843750000000004 0.05770833333333337
0 0.4630468750000001 0.30354166666666665 0.04234374999999995 0.0566666666666667
0 0.5392187500000001 0.4544791666666666 0.04968750000000002 0.06687499999999999
0 0.44078125000000007 0.5860416666666667 0.04468749999999995 0.0625
0 0.36101562500000006 0.5970833333333334 0.04671875000000001 0.06583333333333326
0 0.30312500000000003 0.63125 0.05250000000000004 0.0625
0 0.2675 0.5905208333333333 0.047500000000000014 0.059375
0 0.30132812500000006 0.47375 0.04515625000000001 0.05666666666666664
0 0.38593750000000004 0.35479166666666667 0.05218749999999997 0.0675
0 0.6217968750000001 0.41322916666666665 0.04890625000000002 0.07229166666666664
0 0.39617187500000006 0.7714583333333332 0.04859375000000004 0.06291666666666665
0 0.651015625 0.7870833333333332 0.041718749999999985 0.06833333333333336