0 0.22284836065573776 0.4234972677595628 0.05225409836065573 0.10245901639344263
0 0.2899590163934426 0.4320355191256831 0.09118852459016394 0.13183060109289613
0 0.35373975409836067 0.2923497267759564 0.10604508196721318 0.1366120218579235
0 0.5535348360655739 0.5539617486338798 0.10604508196721306 0.13251366120218566
0 0.6475409836065574 0.6721311475409836 0.08504098360655732 0.12431693989071041
0 0.7861168032786886 0.6017759562841529 0.06608606557377046 0.10245901639344268
0 0.8383709016393444 0.6290983606557377 0.049692622950819755 0.10245901639344268
0 0.7594774590163935 0.5027322404371585 0.06198770491803281 0.08196721311475397
0 0.7074795081967213 0.492827868852459 0.030737704918032807 0.05806010928961746
0 0.695440573770492 0.3818306010928962 0.06608606557377046 0.07513661202185791
0 0.2533299180327869 0.8924180327868851 0.060963114754098324 0.08674863387978142
0 0.42398167727589836 0.9829064207650272 0.042635485699337484 0.030020491803278777
0 0.5148565573770493 0.6977459016393442 0.0625 0.07035519125683057