0 0.5890107401656314 0.33005521048999314 0.04254011387163557 0.06103347135955831
0 0.6164272774327122 0.4152432712215321 0.0520833333333334 0.06319013112491376
0 0.5221273291925466 0.45179865424430643 0.05111283643892337 0.07116977225672881
0 0.45192805383022777 0.2998619737750173 0.04593685300207043 0.060602139406487274
0 0.36280408902691513 0.3536706349206349 0.05208333333333335 0.06728778467908901
0 0.3030376552795031 0.47746290545203596 0.04027562111801242 0.04830917874396139
0 0.4230557712215321 0.5841097308488612 0.04706909937888196 0.059308143547274025
0 0.3409679089026916 0.596941856452726 0.046907349896480315 0.06383712905452038
0 0.2895315734989648 0.6300465838509317 0.05014233954451344 0.06319013112491376
0 0.37946428571428575 0.7694746376811594 0.05046583850931681 0.05736714975845416
0 0.6389104554865425 0.8020402001380261 0.04787784679089029 0.07073844030365777