0 0.582265625 0.325 0.04484374999999999 0.058333333333333334
0 0.59046875 0.411875 0.04937499999999995 0.06791666666666665
0 0.49312500000000004 0.45083333333333325 0.05249999999999995 0.06958333333333334
0 0.43359375 0.3020833333333333 0.04656249999999993 0.05916666666666662
0 0.33796875000000004 0.3589583333333334 0.05062500000000001 0.06333333333333334
0 0.30625 0.48083333333333333 0.0328125 0.046666666666666676
0 0.401484375 0.5842708333333334 0.047656250000000004 0.06187499999999998
0 0.32421875 0.5938541666666667 0.05 0.06229166666666662
0 0.281796875 0.624375 0.047968749999999984 0.06041666666666667
0 0.35906250000000006 0.7644791666666667 0.0509375 0.05979166666666664
0 0.60421875 0.8104166666666667 0.053749999999999964 0.07166666666666661