0 0.605703125 0.3290625 0.04078124999999995 0.059375
0 0.536328125 0.45125 0.05234375 0.06708333333333331
0 0.43789062500000003 0.5863541666666666 0.04546875000000004 0.059375
0 0.35632812500000005 0.5955208333333334 0.049218750000000006 0.06312500000000003
0 0.32109375 0.47906249999999995 0.04156250000000004 0.04937500000000004
0 0.28718750000000004 0.5855208333333333 0.04437500000000001 0.05145833333333331
0 0.306875 0.6285416666666668 0.046875 0.06083333333333331
0 0.392109375 0.77125 0.047656250000000004 0.057500000000000044
0 0.65046875 0.8071875 0.05062499999999997 0.06895833333333339
0 0.4702702702702703 0.30382882882882883 0.04763513513513509 0.06036036036036035
0 0.6309966216216216 0.4158783783783784 0.05219594594594588 0.065990990990991