0 0.5460741742596812 0.3441771070615034 0.05748149202733491 0.07379460895975705
0 0.6208179100227791 0.45522494305239186 0.04893935079726646 0.06667615793470004
0 0.38884538724373585 0.46436028853454825 0.053744305239179946 0.06833712984054673
0 0.3344782175398634 0.5622389901290813 0.05143080865603644 0.06287965072133635
0 0.3761211560364466 0.607441154138193 0.05463411161731213 0.07355732725892175
0 0.30564849088838275 0.6069665907365225 0.044668280182232324 0.0640660592255126
0 0.4537122722095672 0.6502705011389522 0.05356634396355347 0.0733200455580865
0 0.5111047835990888 0.6062547456340167 0.053744305239179994 0.07165907365223999
0 0.561111902050114 0.5885772589217919 0.0441343963553531 0.06335421412300685
0 0.657744874715262 0.42568337129840556 0.04164293849658316 0.054574791192103275
0 0.533001526082131 0.7921522382537921 0.05046476137624865 0.06844247132815393